Condition	Frequency	Block	Timing File	TaskObject#1			TaskObject#2			TaskObject#3		TaskObject#4			TaskObject#5
1		1		1 	eye_gm_fx	FXC(0,0,25,5,[200 200 200])	FXC(0,0,20,4,[250 0 250])	GAB(col,320,135,1,1)	FXC(0,0,25,5,[255 255 255])	GAB(msk,320,135,-3,0)
2		1		1 	eye_gm_fx	FXC(0,0,25,5,[200 200 200])	FXC(0,0,20,4,[250 250 250])	GAB(col,320,135,2,1)	FXC(0,0,25,5,[255 255 255])	GAB(msk,320,135,-3,0)
3		1		1 	eye_gm_fx	FXC(0,0,25,5,[200 200 200])	FXC(0,0,20,4,[250 0 0])		GAB(col,320,135,3,1)	FXC(0,0,25,5,[255 255 255])	GAB(msk,320,135,-3,0)
4		1		1 	eye_gm_fx	FXC(0,0,25,5,[200 200 200])	FXC(0,0,20,4,[0 250 250])	GAB(col,320,135,4,1)	FXC(0,0,25,5,[255 255 255])	GAB(msk,320,135,-3,0)
5		1		1 	eye_gm_fx	FXC(0,0,25,5,[200 200 200])	FXC(0,0,20,4,[0 0 250])		GAB(col,320,135,5,1)	FXC(0,0,25,5,[255 255 255])	GAB(msk,320,135,-3,0)
6		1		1 	eye_gm_fx	FXC(0,0,25,5,[200 200 200])	FXC(0,0,20,4,[0 250 0])		GAB(col,320,135,6,1)	FXC(0,0,25,5,[255 255 255])	GAB(msk,320,135,-3,0)
7		1		1 	eye_gm_fx	FXC(0,0,25,5,[200 200 200])	FXC(0,0,20,4,[250 250 0])	GAB(col,320,135,7,1)	FXC(0,0,25,5,[255 255 255])	GAB(msk,320,135,-3,0)
8		1		1 	eye_gm_fx	FXC(0,0,25,5,[200 200 200])	FXC(0,0,20,4,[250 250 250])	GAB(col,320,135,8,1)	FXC(0,0,25,5,[255 255 255])	GAB(msk,320,135,-3,0)
9		1		1 	eye_gm_fx	FXC(0,0,25,5,[200 200 200])	FXC(0,0,20,4,[250 0 250])	GAB(col,320,135,1,2)	FXC(0,0,25,5,[255 255 255])	GAB(msk,320,135,-3,0)
10		1		1 	eye_gm_fx	FXC(0,0,25,5,[200 200 200])	FXC(0,0,20,4,[250 250 250])	GAB(col,320,135,2,2)	FXC(0,0,25,5,[255 255 255])	GAB(msk,320,135,-3,0)
11		1		1 	eye_gm_fx	FXC(0,0,25,5,[200 200 200])	FXC(0,0,20,4,[250 0 0])		GAB(col,320,135,3,2)	FXC(0,0,25,5,[255 255 255])	GAB(msk,320,135,-3,0)
12		1		1 	eye_gm_fx	FXC(0,0,25,5,[200 200 200])	FXC(0,0,20,4,[0 250 250])	GAB(col,320,135,4,2)	FXC(0,0,25,5,[255 255 255])	GAB(msk,320,135,-3,0)
13		1		1 	eye_gm_fx	FXC(0,0,25,5,[200 200 200])	FXC(0,0,20,4,[0 0 250])		GAB(col,320,135,5,2)	FXC(0,0,25,5,[255 255 255])	GAB(msk,320,135,-3,0)
14		1		1 	eye_gm_fx	FXC(0,0,25,5,[200 200 200])	FXC(0,0,20,4,[0 250 0])		GAB(col,320,135,6,2)	FXC(0,0,25,5,[255 255 255])	GAB(msk,320,135,-3,0)
15		1		1 	eye_gm_fx	FXC(0,0,25,5,[200 200 200])	FXC(0,0,20,4,[250 250 0])	GAB(col,320,135,7,2)	FXC(0,0,25,5,[255 255 255])	GAB(msk,320,135,-3,0)
16		1		1 	eye_gm_fx	FXC(0,0,25,5,[200 200 200])	FXC(0,0,20,4,[250 250 250])	GAB(col,320,135,8,2)	FXC(0,0,25,5,[255 255 255])	GAB(msk,320,135,-3,0)
17		1		1 	eye_gm_fx	FXC(0,0,25,5,[200 200 200])	FXC(0,0,20,4,[250 0 250])	GAB(col,320,135,1,3)	FXC(0,0,25,5,[255 255 255])	GAB(msk,320,135,-3,0)
18		1		1 	eye_gm_fx	FXC(0,0,25,5,[200 200 200])	FXC(0,0,20,4,[250 250 250])	GAB(col,320,135,2,3)	FXC(0,0,25,5,[255 255 255])	GAB(msk,320,135,-3,0)
19		1		1 	eye_gm_fx	FXC(0,0,25,5,[200 200 200])	FXC(0,0,20,4,[250 0 0])		GAB(col,320,135,3,3)	FXC(0,0,25,5,[255 255 255])	GAB(msk,320,135,-3,0)
20		1		1 	eye_gm_fx	FXC(0,0,25,5,[200 200 200])	FXC(0,0,20,4,[0 250 250])	GAB(col,320,135,4,3)	FXC(0,0,25,5,[255 255 255])	GAB(msk,320,135,-3,0)
21		1		1 	eye_gm_fx	FXC(0,0,25,5,[200 200 200])	FXC(0,0,20,4,[0 0 250])		GAB(col,320,135,5,3)	FXC(0,0,25,5,[255 255 255])	GAB(msk,320,135,-3,0)
22		1		1 	eye_gm_fx	FXC(0,0,25,5,[200 200 200])	FXC(0,0,20,4,[0 250 0])		GAB(col,320,135,6,3)	FXC(0,0,25,5,[255 255 255])	GAB(msk,320,135,-3,0)
23		1		1 	eye_gm_fx	FXC(0,0,25,5,[200 200 200])	FXC(0,0,20,4,[250 250 0])	GAB(col,320,135,7,3)	FXC(0,0,25,5,[255 255 255])	GAB(msk,320,135,-3,0)
24		1		1 	eye_gm_fx	FXC(0,0,25,5,[200 200 200])	FXC(0,0,20,4,[250 250 250])	GAB(col,320,135,8,3)	FXC(0,0,25,5,[255 255 255])	GAB(msk,320,135,-3,0)
25		1		1 	eye_gm_fx	FXC(0,0,25,5,[200 200 200])	FXC(0,0,20,4,[250 0 250])	GAB(col,320,135,1,4)	FXC(0,0,25,5,[255 255 255])	GAB(msk,320,135,-3,0)
26		1		1 	eye_gm_fx	FXC(0,0,25,5,[200 200 200])	FXC(0,0,20,4,[250 250 250])	GAB(col,320,135,2,4)	FXC(0,0,25,5,[255 255 255])	GAB(msk,320,135,-3,0)
27		1		1 	eye_gm_fx	FXC(0,0,25,5,[200 200 200])	FXC(0,0,20,4,[250 0 0])		GAB(col,320,135,3,4)	FXC(0,0,25,5,[255 255 255])	GAB(msk,320,135,-3,0)
28		1		1 	eye_gm_fx	FXC(0,0,25,5,[200 200 200])	FXC(0,0,20,4,[0 250 250])	GAB(col,320,135,4,4)	FXC(0,0,25,5,[255 255 255])	GAB(msk,320,135,-3,0)
29		1		1 	eye_gm_fx	FXC(0,0,25,5,[200 200 200])	FXC(0,0,20,4,[0 0 250])		GAB(col,320,135,5,4)	FXC(0,0,25,5,[255 255 255])	GAB(msk,320,135,-3,0)
30		1		1 	eye_gm_fx	FXC(0,0,25,5,[200 200 200])	FXC(0,0,20,4,[0 250 0])		GAB(col,320,135,6,4)	FXC(0,0,25,5,[255 255 255])	GAB(msk,320,135,-3,0)
31		1		1 	eye_gm_fx	FXC(0,0,25,5,[200 200 200])	FXC(0,0,20,4,[250 250 0])	GAB(col,320,135,7,4)	FXC(0,0,25,5,[255 255 255])	GAB(msk,320,135,-3,0)
32		1		1 	eye_gm_fx	FXC(0,0,25,5,[200 200 200])	FXC(0,0,20,4,[250 250 250])	GAB(col,320,135,8,4)	FXC(0,0,25,5,[255 255 255])	GAB(msk,320,135,-3,0)
33		1		1 	eye_gm_fx	FXC(0,0,25,5,[200 200 200])	FXC(0,0,20,4,[250 0 250])	GAB(col,320,135,1,5)	FXC(0,0,25,5,[255 255 255])	GAB(msk,320,135,-3,0)
34		1		1 	eye_gm_fx	FXC(0,0,25,5,[200 200 200])	FXC(0,0,20,4,[250 250 250])	GAB(col,320,135,2,5)	FXC(0,0,25,5,[255 255 255])	GAB(msk,320,135,-3,0)
35		1		1 	eye_gm_fx	FXC(0,0,25,5,[200 200 200])	FXC(0,0,20,4,[250 0 0])		GAB(col,320,135,3,5)	FXC(0,0,25,5,[255 255 255])	GAB(msk,320,135,-3,0)
36		1		1 	eye_gm_fx	FXC(0,0,25,5,[200 200 200])	FXC(0,0,20,4,[0 250 250])	GAB(col,320,135,4,5)	FXC(0,0,25,5,[255 255 255])	GAB(msk,320,135,-3,0)
37		1		1 	eye_gm_fx	FXC(0,0,25,5,[200 200 200])	FXC(0,0,20,4,[0 0 250])		GAB(col,320,135,5,5)	FXC(0,0,25,5,[255 255 255])	GAB(msk,320,135,-3,0)
38		1		1 	eye_gm_fx	FXC(0,0,25,5,[200 200 200])	FXC(0,0,20,4,[0 250 0])		GAB(col,320,135,6,5)	FXC(0,0,25,5,[255 255 255])	GAB(msk,320,135,-3,0)
39		1		1 	eye_gm_fx	FXC(0,0,25,5,[200 200 200])	FXC(0,0,20,4,[250 250 0])	GAB(col,320,135,7,5)	FXC(0,0,25,5,[255 255 255])	GAB(msk,320,135,-3,0)
40		1		1 	eye_gm_fx	FXC(0,0,25,5,[200 200 200])	FXC(0,0,20,4,[250 250 250])	GAB(col,320,135,8,5)	FXC(0,0,25,5,[255 255 255])	GAB(msk,320,135,-3,0)
41		1		1 	eye_gm_fx	FXC(0,0,25,5,[200 200 200])	FXC(0,0,20,4,[250 0 250])	GAB(col,320,135,1,6)	FXC(0,0,25,5,[255 255 255])	GAB(msk,320,135,-3,0)
42		1		1 	eye_gm_fx	FXC(0,0,25,5,[200 200 200])	FXC(0,0,20,4,[250 250 250])	GAB(col,320,135,2,6)	FXC(0,0,25,5,[255 255 255])	GAB(msk,320,135,-3,0)
43		1		1 	eye_gm_fx	FXC(0,0,25,5,[200 200 200])	FXC(0,0,20,4,[250 0 0])		GAB(col,320,135,3,6)	FXC(0,0,25,5,[255 255 255])	GAB(msk,320,135,-3,0)
44		1		1 	eye_gm_fx	FXC(0,0,25,5,[200 200 200])	FXC(0,0,20,4,[0 250 250])	GAB(col,320,135,4,6)	FXC(0,0,25,5,[255 255 255])	GAB(msk,320,135,-3,0)
45		1		1 	eye_gm_fx	FXC(0,0,25,5,[200 200 200])	FXC(0,0,20,4,[0 0 250])		GAB(col,320,135,5,6)	FXC(0,0,25,5,[255 255 255])	GAB(msk,320,135,-3,0)
46		1		1 	eye_gm_fx	FXC(0,0,25,5,[200 200 200])	FXC(0,0,20,4,[0 250 0])		GAB(col,320,135,6,6)	FXC(0,0,25,5,[255 255 255])	GAB(msk,320,135,-3,0)
47		1		1 	eye_gm_fx	FXC(0,0,25,5,[200 200 200])	FXC(0,0,20,4,[250 250 0])	GAB(col,320,135,7,6)	FXC(0,0,25,5,[255 255 255])	GAB(msk,320,135,-3,0)
48		1		1 	eye_gm_fx	FXC(0,0,25,5,[200 200 200])	FXC(0,0,20,4,[250 250 250])	GAB(col,320,135,8,6)	FXC(0,0,25,5,[255 255 255])	GAB(msk,320,135,-3,0)
49		1		1 	eye_gm_fx	FXC(0,0,25,5,[200 200 200])	FXC(0,0,20,4,[250 0 250])	GAB(col,320,135,1,7)	FXC(0,0,25,5,[255 255 255])	GAB(msk,320,135,-3,0)
50		1		1 	eye_gm_fx	FXC(0,0,25,5,[200 200 200])	FXC(0,0,20,4,[250 250 250])	GAB(col,320,135,2,7)	FXC(0,0,25,5,[255 255 255])	GAB(msk,320,135,-3,0)
51		1		1 	eye_gm_fx	FXC(0,0,25,5,[200 200 200])	FXC(0,0,20,4,[250 0 0])		GAB(col,320,135,3,7)	FXC(0,0,25,5,[255 255 255])	GAB(msk,320,135,-3,0)
52		1		1 	eye_gm_fx	FXC(0,0,25,5,[200 200 200])	FXC(0,0,20,4,[0 250 250])	GAB(col,320,135,4,7)	FXC(0,0,25,5,[255 255 255])	GAB(msk,320,135,-3,0)
53		1		1 	eye_gm_fx	FXC(0,0,25,5,[200 200 200])	FXC(0,0,20,4,[0 0 250])		GAB(col,320,135,5,7)	FXC(0,0,25,5,[255 255 255])	GAB(msk,320,135,-3,0)
54		1		1 	eye_gm_fx	FXC(0,0,25,5,[200 200 200])	FXC(0,0,20,4,[0 250 0])		GAB(col,320,135,6,7)	FXC(0,0,25,5,[255 255 255])	GAB(msk,320,135,-3,0)
55		1		1 	eye_gm_fx	FXC(0,0,25,5,[200 200 200])	FXC(0,0,20,4,[250 250 0])	GAB(col,320,135,7,7)	FXC(0,0,25,5,[255 255 255])	GAB(msk,320,135,-3,0)
56		1		1 	eye_gm_fx	FXC(0,0,25,5,[200 200 200])	FXC(0,0,20,4,[250 250 250])	GAB(col,320,135,8,7)	FXC(0,0,25,5,[255 255 255])	GAB(msk,320,135,-3,0)
57		1		1 	eye_gm_fx	FXC(0,0,25,5,[200 200 200])	FXC(0,0,20,4,[250 0 250])	GAB(col,320,135,1,8)	FXC(0,0,25,5,[255 255 255])	GAB(msk,320,135,-3,0)
58		1		1 	eye_gm_fx	FXC(0,0,25,5,[200 200 200])	FXC(0,0,20,4,[250 250 250])	GAB(col,320,135,2,8)	FXC(0,0,25,5,[255 255 255])	GAB(msk,320,135,-3,0)
59		1		1 	eye_gm_fx	FXC(0,0,25,5,[200 200 200])	FXC(0,0,20,4,[250 0 0])		GAB(col,320,135,3,8)	FXC(0,0,25,5,[255 255 255])	GAB(msk,320,135,-3,0)
60		1		1 	eye_gm_fx	FXC(0,0,25,5,[200 200 200])	FXC(0,0,20,4,[0 250 250])	GAB(col,320,135,4,8)	FXC(0,0,25,5,[255 255 255])	GAB(msk,320,135,-3,0)
61		1		1 	eye_gm_fx	FXC(0,0,25,5,[200 200 200])	FXC(0,0,20,4,[0 0 250])		GAB(col,320,135,5,8)	FXC(0,0,25,5,[255 255 255])	GAB(msk,320,135,-3,0)
62		1		1 	eye_gm_fx	FXC(0,0,25,5,[200 200 200])	FXC(0,0,20,4,[0 250 0])		GAB(col,320,135,6,8)	FXC(0,0,25,5,[255 255 255])	GAB(msk,320,135,-3,0)
63		1		1 	eye_gm_fx	FXC(0,0,25,5,[200 200 200])	FXC(0,0,20,4,[250 250 0])	GAB(col,320,135,7,8)	FXC(0,0,25,5,[255 255 255])	GAB(msk,320,135,-3,0)
64		1		1 	eye_gm_fx	FXC(0,0,25,5,[200 200 200])	FXC(0,0,20,4,[250 250 250])	GAB(col,320,135,8,8)	FXC(0,0,25,5,[255 255 255])	GAB(msk,320,135,-3,0)